camera_matrix:
- - 943.0038401034254
  - 0.0
  - 391.20098792555785
- - 0.0
  - 947.4981049022357
  - 294.08633316599116
- - 0.0
  - 0.0
  - 1.0
distortion_coefficients:
- - 0.0862621244434835
  - 6.770853153556558
  - 0.03611947594835881
  - 0.018380781844188423
  - -50.03534755835114
